Critical pairs dictionary:
Inner trip: ((5, 3, 2), (5, 3, 3))  contained in outer trip: ((5, 3, 1), (5, 3, 4))
Inner trip: ((1, 1, 2), (1, 1, 3))  contained in outer trip: ((1, 1, 1), (1, 1, 4))
Inner trip: ((3, 1, 2), (3, 1, 5))  contained in outer trip: ((3, 1, 1), (3, 1, 6))


 A_set:
((1, 1, 2), (1, 1, 4))
((1, 1, 2), (1, 1, 3))
((0, 1, 0), (1, 1, 2))
((1, 1, 4), (0, 0, 1))
((1, 1, 3), (0, 0, 1))
((3, 1, 2), (3, 1, 6))
((3, 1, 2), (3, 1, 5))
((0, 2, 0), (3, 1, 2))
((3, 1, 6), (0, 0, 2))
((3, 1, 5), (0, 0, 2))
((3, 2, 1), (3, 2, 4))
((3, 2, 2), (3, 2, 6))
((5, 3, 2), (5, 3, 4))
((5, 3, 2), (5, 3, 3))
((0, 3, 0), (5, 3, 2))
((5, 3, 4), (0, 0, 3))
((5, 3, 3), (0, 0, 3))
